%YAML:1.0
---
CM1: !!opencv-matrix
   rows: 3
   cols: 3
   dt: d
   data: [ 6.7166342068667291e+02, 0., 5.1064512405692051e+02, 0.,
       7.1141796530546310e+02, 4.7211026380029568e+02, 0., 0., 1. ]
CM2: !!opencv-matrix
   rows: 3
   cols: 3
   dt: d
   data: [ 6.7166342068667291e+02, 0., 5.1066345528742147e+02, 0.,
       7.1141796530546310e+02, 4.7175186887011944e+02, 0., 0., 1. ]
D1: !!opencv-matrix
   rows: 1
   cols: 5
   dt: d
   data: [ -8.8288805016223632e-02, 1.8275684610265519e-01, 0., 0.,
       -1.0618124172453620e-01 ]
D2: !!opencv-matrix
   rows: 1
   cols: 5
   dt: d
   data: [ -6.4008553368914756e-02, 1.4331665836883239e-01, 0., 0.,
       -8.6233162508021127e-02 ]
R: !!opencv-matrix
   rows: 3
   cols: 3
   dt: d
   data: [ 9.9999895341869183e-01, 1.2254092672954343e-03,
       -7.6911224710223957e-04, -1.2280439674418452e-03,
       9.9999334781106652e-01, -3.4345657119005178e-03,
       7.6489838216973745e-04, 3.4355066210035876e-03,
       9.9999380609317867e-01 ]
T: !!opencv-matrix
   rows: 3
   cols: 1
   dt: d
   data: [ -6.7887315964475548e+00, -6.5978172140393643e-01,
       2.3681925044179622e-01 ]
E: !!opencv-matrix
   rows: 3
   cols: 3
   dt: d
   data: [ -2.1384151940788800e-04, -2.3908435954769955e-01,
       -6.5896426349994630e-01, 2.4201169240630260e-01,
       2.3612932851977166e-02, 6.7885074070907470e+00,
       6.6811789177231862e-01, -6.7878779338865556e+00,
       2.2808898566108470e-02 ]
F: !!opencv-matrix
   rows: 3
   cols: 3
   dt: d
   data: [ -1.5532639029948671e-08, -1.6395748697577742e-05,
       -2.4400415951946461e-02, 1.6596497144672382e-05,
       1.5288218734891358e-06, 3.0348761022839815e-01,
       2.4774031154348869e-02, -3.0500382390394032e-01, 1. ]
R2: !!opencv-matrix
   rows: 3
   cols: 3
   dt: d
   data: [ 9.9471107257747371e-01, 9.6673756274022318e-02,
       -3.4699667716605966e-02, -9.6614291194714513e-02,
       9.9531612287331539e-01, 3.3903223112603052e-03,
       3.4864893929493733e-02, -1.9907341485071588e-05,
       9.9939203457651338e-01 ]
P1: !!opencv-matrix
   rows: 3
   cols: 4
   dt: d
   data: [ 7.1141796530546310e+02, 0., 5.1823032379150391e+02, 0., 0.,
       7.1141796530546310e+02, 4.7231369590759277e+02, 0., 0., 0., 1.,
       0. ]
P2: !!opencv-matrix
   rows: 3
   cols: 4
   dt: d
   data: [ 7.1141796530546310e+02, 0., 5.1823032379150391e+02,
       -4.8553049749765096e+03, 0., 7.1141796530546310e+02,
       4.7231369590759277e+02, 0., 0., 0., 1., 0. ]
Q: !!opencv-matrix
   rows: 4
   cols: 4
   dt: d
   data: [ 1., 0., 0., -5.1823032379150391e+02, 0., 1., 0.,
       -4.7231369590759277e+02, 0., 0., 0., 7.1141796530546310e+02, 0.,
       0., 1.4652384741473526e-01, 0. ]
R1: !!opencv-matrix
   rows: 3
   cols: 3
   dt: d
   data: [ 9.9456477018855716e-01, 9.7772830410364761e-02,
       -3.5796529626887612e-02, -9.7833888788348158e-02,
       9.9520275726938157e-01, 4.6129918390277128e-05,
       3.5629315238041255e-02, 3.4562345068430934e-03,
       9.9935909779153054e-01 ]
