%YAML:1.0
---
CM1: !!opencv-matrix
   rows: 3
   cols: 3
   dt: d
   data: [ 6.7166342069621942e+02, 0., 5.1064512405689766e+02, 0.,
       7.1141796531551518e+02, 4.7211026379884390e+02, 0., 0., 1. ]
CM2: !!opencv-matrix
   rows: 3
   cols: 3
   dt: d
   data: [ 6.7166342069621942e+02, 0., 5.1066345528740817e+02, 0.,
       7.1141796531551518e+02, 4.7175186886859927e+02, 0., 0., 1. ]
D1: !!opencv-matrix
   rows: 1
   cols: 5
   dt: d
   data: [ -8.8288805016323330e-02, 1.8275684610535603e-01, 0., 0.,
       -1.0618124172822303e-01 ]
D2: !!opencv-matrix
   rows: 1
   cols: 5
   dt: d
   data: [ -6.4008553373018237e-02, 1.4331665838380248e-01, 0., 0.,
       -8.6233162521965057e-02 ]
R: !!opencv-matrix
   rows: 3
   cols: 3
   dt: d
   data: [ 9.9999895341869072e-01, 1.2254092675004278e-03,
       -7.6911224828125392e-04, -1.2280439676513445e-03,
       9.9999334781106419e-01, -3.4345657125040780e-03,
       7.6489838334730721e-04, 3.4355066216087502e-03,
       9.9999380609317579e-01 ]
T: !!opencv-matrix
   rows: 3
   cols: 1
   dt: d
   data: [ -6.7887315964041983e+00, -6.5978172137539104e-01,
       2.3681925042358973e-01 ]
E: !!opencv-matrix
   rows: 3
   cols: 3
   dt: d
   data: [ -2.1384152013573758e-04, -2.3908435952979387e-01,
       -6.5896426347131876e-01, 2.4201169239605691e-01,
       2.3612932855962738e-02, 6.7885074070471063e+00,
       6.6811789174514147e-01, -6.7878779338430837e+00,
       2.2808898569301031e-02 ]
F: !!opencv-matrix
   rows: 3
   cols: 3
   dt: d
   data: [ -1.5532639078466123e-08, -1.6395748691758643e-05,
       -2.4400415944747920e-02, 1.6596497139322369e-05,
       1.5288218733192055e-06, 3.0348761014608844e-01,
       2.4774031146929942e-02, -3.0500382382172064e-01, 1. ]
R2: !!opencv-matrix
   rows: 3
   cols: 3
   dt: d
   data: [ 9.9471107257790092e-01, 9.6673756270498096e-02,
       -3.4699667714174584e-02, -9.6674085665794746e-02,
       9.9531468631538378e-01, 1.6722337132469428e-03,
       3.4698750000603448e-02, 1.6911692586699379e-03,
       9.9939638617264070e-01 ]
P1: !!opencv-matrix
   rows: 3
   cols: 4
   dt: d
   data: [ 7.1141796531551518e+02, 0., 5.9213128280639648e+02, 0., 0.,
       7.1141796531551518e+02, 5.1746255409717560e+02, 0., 0., 0., 1.,
       0. ]
P2: !!opencv-matrix
   rows: 3
   cols: 4
   dt: d
   data: [ 7.1141796531551518e+02, 0., 5.9213128280639648e+02,
       -4.8553049750120190e+03, 0., 7.1141796531551518e+02,
       5.1746255409717560e+02, 0., 0., 0., 1., 0. ]
Q: !!opencv-matrix
   rows: 4
   cols: 4
   dt: d
   data: [ 1., 0., 0., -5.9213128280639648e+02, 0., 1., 0.,
       -5.1746255409717560e+02, 0., 0., 0., 7.1141796531551518e+02, 0.,
       0., 1.4652384741573399e-01, 0. ]
R1: !!opencv-matrix
   rows: 3
   cols: 3
   dt: d
   data: [ 9.9456477018892964e-01, 9.7772830407022226e-02,
       -3.5796529625665582e-02, -9.7894995596076784e-02,
       9.9519534494353323e-01, -1.6718971157863448e-03,
       3.5461073535435872e-02, 5.1671110808009495e-03,
       9.9935770033896920e-01 ]
