%YAML:1.0
---
CM1: !!opencv-matrix
   rows: 3
   cols: 3
   dt: d
   data: [ 6.7416552584299745e+02, 0., 5.1030075453397757e+02, 0.,
       7.1406679562798979e+02, 4.7199078495624832e+02, 0., 0., 1. ]
CM2: !!opencv-matrix
   rows: 3
   cols: 3
   dt: d
   data: [ 6.7416552584299745e+02, 0., 5.1031825336819924e+02, 0.,
       7.1406679562798979e+02, 4.7163368479711477e+02, 0., 0., 1. ]
D1: !!opencv-matrix
   rows: 1
   cols: 5
   dt: d
   data: [ -8.8778906348233017e-02, 1.8468284258683015e-01, 0., 0.,
       -1.0791217445686654e-01 ]
D2: !!opencv-matrix
   rows: 1
   cols: 5
   dt: d
   data: [ -6.4798823708087705e-02, 1.4579049108692940e-01, 0., 0.,
       -8.8392144144285853e-02 ]
R: !!opencv-matrix
   rows: 3
   cols: 3
   dt: d
   data: [ 9.9999896856635440e-01, 1.2299487880548714e-03,
       -7.4168201138700529e-04, -1.2325411844160211e-03,
       9.9999309779507373e-01, -3.5050255977289433e-03,
       7.3736589015974434e-04, 3.5059361361523887e-03,
       9.9999358233108337e-01 ]
T: !!opencv-matrix
   rows: 3
   cols: 1
   dt: d
   data: [ -6.7894316853707739e+00, -6.5690266891691629e-01,
       2.3738045569193800e-01 ]
E: !!opencv-matrix
   rows: 3
   cols: 3
   dt: d
   data: [ -1.9179643319847773e-04, -2.3968187604827809e-01,
       -6.5606642855947594e-01, 2.4238650618811139e-01,
       2.4095279693465626e-02, 6.7892120522322434e+00,
       6.6527024553640024e-01, -6.7885768666804438e+00,
       2.3309918958488732e-02 ]
F: !!opencv-matrix
   rows: 3
   cols: 3
   dt: d
   data: [ -1.3611643811920298e-08, -1.6059534285321426e-05,
       -2.3802602312293107e-02, 1.6240754080392693e-05,
       1.5242542877807046e-06, 2.9767163373522065e-01,
       2.4177116772250373e-02, -2.9917346068472001e-01, 1. ]
R2: !!opencv-matrix
   rows: 3
   cols: 3
   dt: d
   data: [ 9.9474978509805545e-01, 9.6245727038308734e-02,
       -3.4779664665428867e-02, -9.6184866633768740e-02,
       9.9535760231744663e-01, 3.4227093811565685e-03,
       3.4947624783616363e-02, -5.9462013947124415e-05,
       9.9938914342024576e-01 ]
P1: !!opencv-matrix
   rows: 3
   cols: 4
   dt: d
   data: [ 7.1406679562798979e+02, 0., 5.2056095886230469e+02, 0., 0.,
       7.1406679562798979e+02, 4.7267207908630371e+02, 0., 0., 0., 1.,
       0. ]
P2: !!opencv-matrix
   rows: 3
   cols: 4
   dt: d
   data: [ 7.1406679562798979e+02, 0., 5.2056095886230469e+02,
       -4.8736956773807779e+03, 0., 7.1406679562798979e+02,
       4.7267207908630371e+02, 0., 0., 0., 1., 0. ]
Q: !!opencv-matrix
   rows: 4
   cols: 4
   dt: d
   data: [ 1., 0., 0., -5.2056095886230469e+02, 0., 1., 0.,
       -4.7267207908630371e+02, 0., 0., 0., 7.1406679562798979e+02, 0.,
       0., 1.4651444055935470e-01, 0. ]
R1: !!opencv-matrix
   rows: 3
   cols: 3
   dt: d
   data: [ 9.9460448691886516e-01, 9.7346618740014365e-02,
       -3.5854573219427324e-02, -9.7409062874379879e-02,
       9.9524442949565906e-01, 5.2721257005022663e-06,
       3.5684577492189805e-02, 3.4873166971879296e-03,
       9.9935701806284294e-01 ]
